37.77,87.9,39.9628,20.798,-79.1947,3.7,-72.9,-38.7992
.90,-.33,.62


18  ,    56  ,  -19     
-271,-99,-227,-169,-192,-202,-440,-121,-318
-152
.38,.5
-239
-439
#963,€126,MXN580
-439816,59370,832422
€287,MXN350,#615,€753,USD610
     87,99,  -87    
$545
-564,449,-754,539,-132,-299,-306,-67,-610,-26,254,-638,-275,-230
740
5,0,9,4,-5,1,0,3,4,4,-2,-4,-3,-9,2,-2,-1,8,2,9,-9,-4,4,-2,8,1,-1,-7,-5,1,-10,10,-10,1,-2,-7,2,0,9,8,8,-1,8,5,5,-4,10,9,-6,9,7,5,7,1,7,0,-8,-7,0,-3,1,-3,0,2,6,2,-5,-5,10,10,-6,1,-3,-9,9,7,-3,-5,9,7,8,-5,0,7,8,1,-4,-3,10,3,10,0,-3,-1,-8,0,8,4,8,9,4,0,-3,-6,7,-9,1,-5,2,-8,2,9,-9,10,6,-8,-4,-1,-8,1,7,-6,5,-8,-8,-5,6,-7,-2,-7,6,-5,4,-4,8,-1,-10,-10,-3,-1,-6,4,10,-5,-2,-5,-8,10,9,-9,-6,2,2,7,-9,-2,-2,10,-2,5,0,7,-4,5,-3,-1,-1,3,-5,5,5,-7,-1,8,-9,7,-3,-5,-2,1,-4,-3,-3,-2,3,3,0,2,4,2,4,5,-10,6,-8,7,-2,4,6,1,-9,7,5,0,3,9,-1,-7,-3,10,-10,-7,10,3,-3,9,-1,0,-10,-1,2,6,-7,-7,10,-10,-10,-2,5,2,6,3,7,-4,3,-5,-1,4,6,3,-1,0,5,-8,-3,-2,10,6,5,-10,-6,-8,9,-3,-1,-3,9,-10,-2,6,-7,-7,-8,-8,-3,5,-5,1,-5,-7,0,-10,1,-7,-10,-2,-3,2,-9,7,-10,9,-2,7,-3,9,-6,6,4,-10,-4,10,-7,3,9,7,6,-8,-4,-10,-7,-7,4,5,-9,3,-1,10,-4,-4,0,6,1,-2,-4,-10,10,-5,9,10,-9,-8,3,3,5,-4,6,-8,5,-1,7,10,-5,-2,-9,-7,-3,-8,9,9,4,2,-4,5
-10,0,5,-3,-5,-5,5,-7,-7,-6,-7,1,0,-2,10,-7,2,-6,7,2,-10,-6,8,-2,-1,7,-1,-2,-1,-9,4,7,0,9,1,7,-5,-4,-2,-3,1,-2,-1,-8,4,9,-6,4,-5,-5,8,10,-3,-1,-1,4,-7,-9,-6,0,-3,-9,7,-7,6,10,4,-3,2,0,-5,9,-7,1,-5,-2,-9,7,-4,-4,4,7,2,-10,8,8,-3,7,5,7,2,-3,8,-8,4,7,-9,3,2,-9,0,-4,-2,0,-5,-9,9,10,2,-7,6,2,7,-8,0,0,5,2,-2
,39,19,19,42,11,42
-853,-265,-642,-875,-286,-366,-880,848,-744,252,747,445,764,509,-592,159
.60,.55,.19
25533,-409990,-290292,-890579
331,-612,-234,-39,570,-338,590,108,-38,195,-197,-287
717581
,29,40,28,
 
J,HsVo,Csy,vK,UYpm
   96   ,  -76   ,19,-67   , 36    ,    -38  , 19   ,21  
J16O9,yN796,191BJX
   8,  -52   ,  39 ,   79   
183,609,921
-462690
-47.8989
     63,     -93   ,-47,    -51    ,-73     ,   -13  ,    -15  ,    -34  
60T9,217u{P,2|74,443P
-85   ,-35  ,  49,69   ,5   ,  -20     
 20,24  ,   -43 ,62     ,   68    ,  84     , -68   
842,587,133,-749,-273,331,628,916,103,982,438,-732
-16.4,-97.1811,9.1828,-11.561,22.438,-9.3,-22.36

159,-875,118,932,409
169
  96    ,   -68 
-293,-487,-476,-304,-498
-.79,-.4,.18
97.0,-11.3921,68.46,-8.1,26.9823,-7.2,46.59,-22.02,34.853,-15.73,70.846,-17.1449
-392
387
clY,bXw,BiJ
